TLP_RUN_V1
wave 14
gold 3373
iron 925
ember 332
fervor 100
buildChoice 2
gateHp 117
gateMax 117
coreHp 120
coreMax 120
cameraZoom 52.2
runAsh 1259
waystoneCount 3
24 8 1
24 24 1
29 13 0
bastionCount 3
32 12 0 0 0
38 16 1 0 0
32 20 2 0 0
towerCount 58
0 16 5 2 -52.8469
0 17 15 3 -402.538
0 19 22 3 -10.1236
0 26 17 3 -468.056
0 26 14 2 -468.173
0 17 23 3 -2.70694
0 20 15 3 -457.521
0 18 6 3 -58.9602
0 26 10 1 -610.777
0 25 19 3 -599.965
0 11 15 3 -20.8738
0 15 25 3 0.126612
0 14 5 2 -52.8303
1 8 17 3 -8.76699
1 13 15 3 -217.223
1 16 17 3 -403.129
1 15 27 2 0.533333
1 16 24 2 -2.98361
1 19 24 3 -17.4836
1 22 22 3 -452.73
1 23 20 3 -403.161
1 20 7 1 -403.161
2 16 7 3 -52.8569
2 21 7 3 -410.287
1 14 7 1 -52.2869
0 20 9 2 -360.706
0 17 7 1 -58.9169
0 9 17 3 -8.32366
0 10 17 3 -8.87365
0 11 17 2 -69.149
0 21 9 1 -372.228
0 22 10 1 -372.228
0 23 10 1 -372.228
0 18 23 1 -2.58027
0 20 22 1 -17.5302
0 25 11 1 -372.228
3 24 21 1 -121.677
3 14 27 1 -0.0833891
3 11 27 1 -2.81694
3 15 15 1 -103.116
3 15 17 1 -103.116
3 14 15 1 -103.116
3 6 17 3 -103.116
3 5 15 3 -103.116
3 6 15 3 -103.116
3 7 17 3 -103.116
2 1 15 1 -14.9869
2 1 17 1 -14.9869
2 2 17 1 -13.5703
2 2 15 1 -13.5703
2 1 27 1 -13.8536
2 2 27 1 -11.4536
2 1 29 1 -13.8536
2 2 29 1 -11.4036
2 1 6 1 -68.4756
2 2 6 1 -66.0239
2 1 4 1 -68.4756
2 3 4 1 -63.8735
